1
3
13
0.488065 0.064738 -0.180710 0.007092 -0.017456 -0.014462 -0.014303 -0.021482 0.001843 -0.091309 0.023511 0.038053 0.008021 
0.310578 0.677266 0.065625 -0.125480 0.095411 0.063630 0.000934 -0.054102 0.049394 -0.040958 0.064376 0.128763 -0.178815 
-0.181027 -0.117315 0.567217 0.123849 -0.032000 0.081883 -0.016857 -0.067029 -0.083657 0.089857 0.003127 -0.046178 0.038847 
0.175486 -0.212808 0.201226 0.683411 0.162873 -0.223608 -0.009799 -0.203008 0.124880 -0.301444 0.139134 0.000994 0.169716 
-0.165383 0.170947 0.054244 0.106223 0.710700 -0.005366 -0.025329 0.041910 -0.044891 0.045322 0.053528 -0.087378 0.152171 
0.141543 -0.021770 0.102920 -0.116060 0.131851 0.537073 0.083298 0.003362 0.028764 0.010487 0.000635 -0.005265 0.135598 
-0.098753 0.204145 0.028146 0.231467 -0.182245 0.194166 0.438842 0.164868 0.043923 0.000313 -0.129056 0.241284 -0.396337 
-0.070475 -0.014939 -0.008017 0.095357 -0.134990 0.051676 0.060203 0.540000 0.160253 0.120491 -0.055938 0.021906 -0.214784 
-0.012364 0.215364 -0.139193 0.133140 -0.200848 0.026258 -0.056999 0.251211 0.475770 0.149467 -0.056373 0.043706 -0.120580 
-0.076022 0.045865 0.141185 -0.081589 -0.005537 0.059089 0.052210 -0.080768 0.208539 0.499546 0.075103 0.013772 -0.015089 
0.085707 0.023878 0.112223 0.073637 -0.031520 0.057315 -0.052739 -0.038542 0.067018 0.105230 0.654967 0.085683 -0.001314 
0.191231 -0.041564 -0.232620 -0.080108 0.225056 -0.099664 0.140528 -0.008566 0.072359 -0.179175 0.258209 0.630299 0.036203 
0.067026 0.109771 0.210068 -0.170780 -0.086003 0.016625 -0.008482 0.038770 0.049189 -0.056589 -0.053023 -0.001975 0.680775 
1.792737 0.499757 0.185295 0.400895 -2.261327 0.715131 -1.148497 -0.348158 -0.230183 0.397575 0.901369 -0.355654 1.111835 
1.0 1.0 1.0 1.0 1.0 1.0 1.0 1.0 1.0 1.0 1.0 1.0 1.0 
13
0.723636 0.104987 -0.050932 0.102659 -0.073767 0.064855 -0.053984 -0.003926 0.030796 -0.014160 0.009592 0.004425 -0.042745 
0.200627 0.724371 -0.013534 -0.068852 0.063834 -0.011795 0.023570 -0.066386 0.040055 -0.050656 -0.000856 0.012788 -0.016932 
0.021098 -0.075249 0.860243 -0.038157 -0.074774 0.042777 0.040338 -0.092669 0.081832 -0.095299 0.014260 0.006286 0.020397 
0.073411 -0.003086 0.014609 1.192053 -0.089587 0.047280 0.004617 -0.077988 -0.087434 0.140977 -0.105913 0.085611 -0.039186 
-0.449728 0.189189 -0.210690 0.250561 0.751937 0.158151 -0.079710 0.150571 -0.130762 0.053091 -0.066015 -0.006409 0.114899 
0.043227 -0.100260 0.038097 -0.158959 0.212382 0.625586 0.185874 -0.064043 0.077988 -0.020194 0.039825 -0.055455 0.025931 
-0.028212 -0.031453 -0.039753 0.042768 0.119442 -0.085486 0.918411 0.041702 0.002170 0.014105 -0.005742 0.068470 -0.083653 
0.084316 -0.119737 -0.103265 -0.030740 0.034681 -0.115356 0.202532 0.764497 0.070277 -0.002395 -0.012509 0.059006 -0.018640 
0.026370 0.069745 -0.283982 0.267329 -0.217796 0.066003 0.013347 0.124934 0.665444 0.252259 -0.127442 0.135036 -0.097500 
0.067360 0.014607 0.071261 -0.261865 0.199804 -0.140035 0.130014 -0.137666 0.218220 0.593186 0.223091 -0.145751 0.123634 
0.272221 0.048685 -0.010798 -0.005184 -0.128155 0.101602 0.005629 -0.003943 0.042413 0.064998 0.760228 0.148238 -0.056678 
-0.045487 0.160056 -0.190793 0.140416 0.078378 -0.048206 0.094986 -0.060927 0.004048 0.060640 0.135365 0.820169 0.176329 
0.031575 0.034556 0.277996 -0.165875 0.108524 0.002113 0.018186 -0.081923 0.039897 -0.115335 0.042372 0.052334 0.977752 
-0.187067 0.045441 0.217238 -0.473574 0.000157 0.222148 -0.108810 0.146457 -0.143192 0.273150 0.075509 0.029469 -0.080359 
1.0 1.0 1.0 1.0 1.0 1.0 1.0 1.0 1.0 1.0 1.0 1.0 1.0 
13
0.896301 0.060318 -0.028850 0.020419 -0.026566 0.016403 0.020184 -0.027087 0.030815 -0.030870 0.026649 -0.024389 0.004832 
0.292929 0.828510 -0.015265 -0.046823 0.035385 -0.003779 0.005078 -0.028240 0.004894 -0.024911 0.042469 0.013244 -0.076497 
-0.083884 0.061307 0.819962 0.087043 -0.090106 0.129608 -0.098355 0.011987 -0.046281 -0.020876 -0.014191 0.011026 0.003388 
0.090748 -0.032372 -0.135688 1.207990 -0.064311 0.044419 -0.095360 -0.009309 -0.028308 0.012624 -0.054108 0.089335 -0.070475 
-0.384979 0.053492 -0.119255 0.150564 0.812819 0.090632 -0.026306 0.071821 -0.041651 -0.021241 -0.070327 0.055226 -0.007650 
0.188156 -0.211334 0.138221 -0.170609 0.207292 0.790339 0.162654 -0.127725 0.093669 -0.035093 0.027996 -0.092302 0.080304 
-0.299599 -0.064507 -0.047051 0.017829 0.014403 -0.084823 0.932275 0.051505 0.044182 -0.032980 0.065650 -0.015202 -0.044674 
0.024885 -0.217810 0.046474 -0.087478 0.015348 -0.122553 0.179170 0.844681 0.124056 -0.061082 -0.029266 -0.012966 -0.022839 
0.239805 -0.160944 -0.021509 0.019569 0.007294 -0.026375 0.079989 0.007811 0.917313 0.128356 -0.035339 0.090597 -0.024828 
0.086765 0.101060 0.088082 -0.128428 0.077744 -0.057609 0.039406 -0.050609 0.045052 0.885636 0.045667 -0.031531 0.083035 
0.316728 0.125220 -0.063742 0.073308 -0.093612 0.089103 0.048299 -0.008885 -0.027717 0.092976 0.862225 0.126919 -0.014768 
-0.021648 0.094326 -0.145655 0.136195 0.028608 0.014491 -0.007453 0.013788 0.016508 0.043928 0.129418 0.961274 -0.005893 
-0.251399 0.126795 0.158746 -0.030413 -0.066913 0.135320 -0.113883 -0.017158 -0.005637 0.055629 -0.121928 0.155494 0.985797 
-0.006594 0.060951 0.089778 0.173690 -0.062197 0.053397 0.234337 0.139292 -0.022861 -0.087636 -0.031630 0.166050 0.117473 
1.0 1.0 1.0 1.0 1.0 1.0 1.0 1.0 1.0 1.0 1.0 1.0 1.0 
